GRANADA                                    SALIDA Y PUESTA DE SOL PARA 2022             Observatorio Astronómico Nacional
Latitud y longitud: 37 10 40, - 3 35 55                                                   Instituto Geográfico Nacional
Año 2022                                Hora oficial en la península y Baleares           Ministerio de Fomento, España

Dia  Enero   Febrero    Marzo     Abril      Mayo     Junio     Julio     Agosto   Septiem.  Octubre   Noviemb.  Diciemb.
   Ort Ocas  Ort Ocas  Ort Ocas  Ort Ocas  Ort Ocas  Ort Ocas  Ort Ocas  Ort Ocas  Ort Ocas  Ort Ocas  Ort Ocas  Ort Ocas
   h m  h m  h m  h m  h m  h m  h m  h m  h m  h m  h m  h m  h m  h m  h m  h m  h m  h m  h m  h m  h m  h m  h m  h m
 1 828 1808  817 1839  746 1908  800 2037  720 2104  656 2129  658 2139  719 2122  745 2043  810 1958  739 1817  809 1757
 2 828 1809  816 1840  744 1909  759 2038  719 2105  656 2130  658 2138  720 2121  746 2042  811 1956  740 1816  810 1757
 3 828 1809  816 1841  743 1910  757 2039  718 2105  655 2130  659 2138  721 2120  747 2040  811 1955  741 1815  811 1757
 4 829 1810  815 1842  742 1911  756 2040  717 2106  655 2131  659 2138  722 2119  747 2039  812 1953  742 1814  812 1757
 5 829 1811  814 1843  740 1912  754 2040  716 2107  655 2131  700 2138  722 2118  748 2037  813 1952  743 1813  813 1757
 6 829 1812  813 1844  739 1913  753 2041  715 2108  654 2132  700 2138  723 2117  749 2036  814 1950  744 1812  814 1757
 7 829 1813  812 1846  737 1914  752 2042  713 2109  654 2133  701 2138  724 2116  750 2034  815 1949  745 1811  815 1757
 8 828 1814  811 1847  736 1915  750 2043  712 2110  654 2133  702 2137  725 2115  751 2033  816 1948  746 1810  815 1757
 9 828 1815  810 1848  734 1916  749 2044  712 2111  654 2134  702 2137  726 2114  751 2031  817 1946  747 1809  816 1757
10 828 1816  809 1849  733 1917  747 2045  711 2112  654 2134  703 2137  727 2112  752 2030  818 1945  748 1808  817 1757
11 828 1817  808 1850  732 1918  746 2046  710 2112  654 2135  703 2136  727 2111  753 2028  818 1943  749 1807  818 1757
12 828 1818  807 1851  730 1919  744 2047  709 2113  654 2135  704 2136  728 2110  754 2027  819 1942  750 1807  819 1757
13 828 1819  806 1852  729 1920  743 2048  708 2114  654 2135  705 2135  729 2109  755 2025  820 1940  751 1806  819 1758
14 827 1820  805 1853  727 1921  742 2048  707 2115  654 2136  705 2135  730 2108  756 2024  821 1939  752 1805  820 1758
15 827 1821  803 1854  726 1922  740 2049  706 2116  654 2136  706 2134  731 2106  756 2022  822 1938  753 1804  821 1758
16 827 1822  802 1855  724 1922  739 2050  705 2117  654 2137  707 2134  732 2105  757 2021  823 1936  754 1804  821 1758
17 826 1823  801 1856  723 1923  737 2051  704 2118  654 2137  707 2133  732 2104  758 2019  824 1935  755 1803  822 1759
18 826 1824  800 1857  721 1924  736 2052  704 2118  654 2137  708 2133  733 2103  759 2018  825 1934  756 1802  823 1759
19 826 1825  759 1858  720 1925  735 2053  703 2119  654 2137  709 2132  734 2101  800 2016  826 1932  757 1802  823 1800
20 825 1826  757 1859  718 1926  733 2054  702 2120  654 2138  710 2132  735 2100  800 2015  827 1931  758 1801  824 1800
21 825 1827  756 1900  717 1927  732 2055  702 2121  655 2138  710 2131  736 2059  801 2013  828 1930  759 1801  824 1801
22 824 1828  755 1901  715 1928  731 2056  701 2122  655 2138  711 2130  737 2057  802 2012  829 1929  800 1800  825 1801
23 824 1829  754 1902  714 1929  730 2056  700 2122  655 2138  712 2129  737 2056  803 2010  830 1927  801 1800  825 1802
24 823 1830  752 1903  712 1930  728 2057  700 2123  655 2138  713 2129  738 2055  804 2008  831 1926  802 1759  826 1802
25 822 1831  751 1904  711 1931  727 2058  659 2124  656 2139  713 2128  739 2053  805 2007  832 1925  803 1759  826 1803
26 822 1832  750 1905  709 1931  726 2059  659 2125  656 2139  714 2127  740 2052  805 2005  833 1924  804 1759  827 1803
27 821 1833  748 1906  808 2032  725 2100  658 2125  656 2139  715 2126  741 2050  806 2004  834 1922  805 1758  827 1804
28 820 1835  747 1907  806 2033  723 2101  658 2126  657 2139  716 2126  742 2049  807 2002  835 1921  806 1758  827 1805
29 820 1836            805 2034  722 2102  657 2127  657 2139  717 2125  742 2048  808 2001  836 1920  807 1758  827 1805
30 819 1837            803 2035  721 2103  657 2128  657 2139  717 2124  743 2046  809 1959  737 1819  808 1757  828 1806
31 818 1838            802 2036            656 2128            718 2123  744 2045            738 1818            828 1807
   h m  h m  h m  h m  h m  h m  h m  h m  h m  h m  h m  h m  h m  h m  h m  h m  h m  h m  h m  h m  h m  h m  h m  h m

Se ha considerado el horario adelantado desde el último domingo de marzo al último domingo de octubre. Las coordenadas
vienen dadas en grados, minutos y segundos, siendo la longitud positiva al Este y negativa al Oeste del meridiano cero.
